236 226 213
112 103 94
49 47 47
35 70 106
135 152 173
111 111 167
65 60 158
167 53 69
213 127 116
222 173 84
164 171 119
230 210 182
65 84 68
60 91 39
179 120 208
145 78 174
187 143 110
107 90 71
111 107 107
241 237 232
196 198 205
210 203 198
143 163 115
234 227 218
217 214 208
183 183 183
118 116 106
75 76 75
248 248 248
78 166 213
84 119 72
114 178 187
100 157 65
92 134 115
104 195 52
110 176 57
17 18 19
36 121 117
78 121 84
48 105 182
89 149 104
84 109 98
57 68 144
101 155 138
100 99 122
110 134 47
26 73 170
74 139 44
142 196 40
77 174 87
102 65 180
40 95 211
167 55 18
125 58 140
101 151 160
176 107 65
112 152 110
159 187 42
33 132 111
95 168 64
126 183 191
134 185 188
74 124 95
26 73 170
71 175 211
108 160 187
57 173 121
90 153 49
82 133 44
10 31 86
114 123 55
26 73 170
70 127 175
73 109 44
112 150 227
100 157 65
32 135 145
108 88 161
144 41 184
107 89 95
29 82 155
116 117 117
118 133 149
140 148 162
137 47 22
128 46 118
169 160 66
137 137 138
162 162 165
184 59 36
143 88 61
208 231 241
192 214 36
134 182 197
188 210 239
173 219 228
171 114 24
217 48 49
124 102 133
180 139 136
154 155 82
207 207 207
214 68 130
144 83 82
195 127 76
190 156 120
215 215 212
186 174 208
180 107 16
131 89 144
223 164 60
190 101 104
218 49 89
205 205 205
167 156 201
185 145 114
174 201 203
203 214 230
154 96 68
139 89 133
229 213 176
206 187 94
221 220 219
235 240 220
225 248 249
237 189 110
206 187 154
233 236 206
229 229 228
225 248 249
226 225 230
187 95 105
128 84 73
225 208 183
236 226 213
203 187 147
232 219 202
180 36 29
74 79 58
175 67 6
149 72 17
200 74 117
173 50 73
192 99 79
167 55 18
176 107 65
230 121 10
149 91 86
148 109 117
191 156 18
194 156 133
252 229 182
214 181 130
216 196 181
199 188 189
209 185 153
245 225 179
216 207 213
237 226 213
226 206 174
205 185 143
246 238 220
248 247 245
212 163 5
195 203 184
