35 70 106
135 152 173
111 111 167
65 60 158
230 210 182
65 84 68
60 91 39
179 120 208
145 78 174
187 143 110
111 107 107
196 198 205
210 203 198
183 183 183
155 103 66
159 116 89
164 25 40
147 93 66
170 98 55
165 52 36
139 105 79
176 123 91
202 102 46
199 139 70
227 168 74
155 97 54
112 77 48
166 123 87
150 80 30
135 89 60
169 129 61
220 149 68
80 87 29
120 97 58
158 133 101
181 117 71
205 166 79
136 153 49
128 108 80
226 166 73
152 186 74
150 167 109
165 95 43
146 175 78
182 132 94
111 122 68
67 120 54
89 110 55
115 128 60
59 82 32
156 142 73
46 90 55
41 85 63
35 114 90
33 118 44
55 102 36
96 105 48
109 151 56
64 125 51
47 104 55
76 106 52
54 146 105
75 152 163
25 109 108
64 131 137
37 143 137
42 113 119
44 122 138
31 123 148
23 122 149
65 156 189
37 128 155
37 111 127
72 129 157
76 147 169
38 125 138
41 110 130
66 132 160
84 157 183
36 106 131
32 134 162
35 108 125
45 104 130
11 95 140
27 86 135
57 107 149
32 82 136
68 141 191
100 143 176
119 156 210
59 75 103
55 96 157
120 31 116
66 41 107
93 35 148
76 45 121
132 94 150
162 128 197
219 157 227
127 72 135
126 68 124
105 53 161
147 91 123
121 58 104
102 117 193
151 128 160
145 118 174
63 89 159
152 64 54
180 78 111
226 115 142
226 105 136
193 113 127
108 93 145
237 147 188
165 113 135
126 85 140
196 57 77
183 122 141
132 38 84
129 73 137
13 13 13
38 38 39
132 122 116
29 29 29
243 243 243
222 222 221
218 215 212
164 152 146
173 163 159
168 166 163
85 81 82
144 140 125
207 207 207
120 117 114
200 200 200
83 82 80
106 107 105
84 80 77
37 37 37
66 66 66
82 80 76
131 102 48
122 136 59
162 110 33
163 134 84
122 154 53
196 143 81
119 119 119
111 111 111
204 123 34
238 155 57
209 107 41
214 171 62
212 149 38
222 172 50
230 180 52
174 115 76
162 116 65
179 115 78
123 92 74
127 129 135
149 145 140
199 194 183
173 179 183
141 135 130
115 116 114
61 72 80
217 219 212
138 138 138
145 145 145
91 79 82
112 112 112
